1 -92.16289104638619 -87.56892629663331 -82.95239240201971 -78.3132008154944 -73.65131400704416 -68.96676300578035 -64.2596719281956 -59.53029294274301 -54.77905721482548 -50.006651017214395 -45.21413276231264 -40.4031190926276 -35.57609268035808 -30.736935866983373 -25.891910265125766 -21.0515873015873 -16.235014272121788 -11.479857819905213 -6.871674491392802 -2.653669724770642 0.10638297872340426 -23.13888888888889 23.099378881987576 24.21629213483146 28.282331511839708 33.00675675675676 38.0010764262648 43.14426523297491 48.38662567255957 53.70417789757413 59.08408408408408 64.51898047722342 70.00445324096982 75.53779599271402 81.11734909244407 86.74212598425197 92.41159099298635 98.12552155771905 103.88391976323578 109.68695380774032 
2 5.411438427977137 4.407650421077553 3.550444752595799 2.8248046808942404 2.216525180099435 1.7122129401021409 1.2992863665573104 0.9659755808840937 0.7013224202658369 0.49518043765008285 0.33821490174857105 0.22190279703723745 0.1385328237562147 0.0812053979098319 0.04383265126661481 0.02113843135928569 0.008658301484763419 0.0027395407041634254 0.0005411438427977137 0.000033821490174857105 0 0.000033821490174857105 0.0005411438427977137 0.0027395407041634254 0.008658301484763419 0.02113843135928569 0.04383265126661481 0.0812053979098319 0.1385328237562147 0.22190279703723745 0.33821490174857105 0.49518043765008285 0.7013224202658369 0.9659755808840937 1.2992863665573104 1.7122129401021409 2.216525180099435 2.8248046808942404 3.550444752595799 4.407650421077553 
3 -0.13010299956639812 -0.13460564220556093 -0.1394747227892562 -0.1447586966327381 -0.1505149978319906 -0.15681216787409086 -0.16373257652546255 -0.17137590035489797 -0.17986354100793747 -0.1893441245742227 -0.2 -0.21205389098651664 -0.22577249674798588 -0.24145658286121624 -0.25938375012788123 -0.27958800173440757 -0.3010299956639812 -0.318080836479775 -0.3010299956639812 0 -Infinity 0 0.3010299956639812 0.318080836479775 0.3010299956639812 0.27958800173440757 0.25938375012788123 0.24145658286121624 0.22577249674798588 0.21205389098651664 0.2 0.1893441245742227 0.17986354100793747 0.17137590035489797 0.16373257652546255 0.15681216787409086 0.1505149978319906 0.1447586966327381 0.1394747227892562 0.13460564220556093 
4 5.221469689764144e+173 6.0298702490003525e+156 5.145317001177723e+140 3.2441824460394912e+125 1.5114276650041035e+111 5.2030551378848545e+97 1.3234832615645704e+85 2.487524928317743e+73 3.454660656717546e+62 3.5451311827611664e+52 2.6881171418161356e+43 1.5060973145850306e+35 6.235149080811617e+27 1.9073465724950995e+21 4311231547115195 72004899337.38588 8886110.520507872 8103.083927575384 54.598150033144236 2.718281828459045 1 2.718281828459045 54.598150033144236 8103.083927575384 8886110.520507872 72004899337.38588 4311231547115195 1.9073465724950995e+21 6.235149080811617e+27 1.5060973145850306e+35 2.6881171418161356e+43 3.5451311827611664e+52 3.454660656717546e+62 2.487524928317743e+73 1.3234832615645704e+85 5.2030551378848545e+97 1.5114276650041035e+111 3.2441824460394912e+125 5.145317001177723e+140 6.0298702490003525e+156 
5 -0.2995732273553991 -0.30994094517541476 -0.3211524175440183 -0.33331921694779015 -0.34657359027997264 -0.36107336014696134 -0.377008189945037 -0.394607593455621 -0.41415110829800006 -0.4359809586906129 -0.46051701859880917 -0.48827212829693767 -0.5198603854199589 -0.555974328301518 -0.5972531564093516 -0.6437751649736401 -0.6931471805599453 -0.7324081924454066 -0.6931471805599453 0 -Infinity 0 0.6931471805599453 0.7324081924454066 0.6931471805599453 0.6437751649736401 0.5972531564093516 0.555974328301518 0.5198603854199589 0.48827212829693767 0.46051701859880917 0.4359809586906129 0.41415110829800006 0.394607593455621 0.377008189945037 0.36107336014696134 0.34657359027997264 0.33331921694779015 0.3211524175440183 0.30994094517541476 
6 400 361 324 289 256 225 196 169 144 121 100 81 64 49 36 25 16 9 4 1 0 1 4 9 16 25 36 49 64 81 100 121 144 169 196 225 256 289 324 361 
7 -219.70784375 -231.33926995649205 -244.26504153330285 -258.7139880988015 -274.97227478027344 -293.4025679012346 -314.4714441899209 -338.78950316865655 -367.1716338734568 -400.7303462878219 -441.0255 -490.31473860691966 -551.993896484375 -631.420658059142 -737.579475308642 -886.808 -1112.40234375 -1495.2716049382716 -2306.9375 -5763 -Infinity 3055 2102.0625 1444.0617283950617 1092.09765625 876.792 732.0871913580247 628.2936276551437 550.256103515625 489.4630391708581 440.7745 400.90601734854175 367.66169945987656 339.51818913903577 315.385698667222 294.4640987654321 276.15272521972656 259.99189425413965 245.62384735558604 232.7659932014027 
8 400 361 324 289 256 225 196 169 144 121 100 81 64 49 36 25 16 9 4 1 0 1 4 9 16 25 36 49 64 81 100 121 144 169 196 225 256 289 324 361 
9 -320 -304 -288 -272 -256 -240 -224 -208 -192 -176 -160 -144 -128 -112 -96 -80 -64 -48 -32 -16 NaN 16 32 48 64 80 96 112 128 144 160 176 192 208 224 240 256 272 288 304 
10 -0.8335069806209627 -0.714628047509898 -0.6076265888726818 -0.5118774744738487 -0.4267555740779329 -0.3516357574494686 -0.2858928943529902 -0.22890185455303189 -0.18003750781412795 -0.13867472390081267 -0.10418837257762034 -0.07595332360908523 -0.053344446759741614 -0.035736611794123775 -0.022504688476765993 -0.013023546572202543 -0.006668055844967702 -0.002813086059595749 -0.0008335069806209627 -0.00010418837257762034 0 0.00010418837257762034 0.0008335069806209627 0.002813086059595749 0.006668055844967702 0.013023546572202543 0.022504688476765993 0.035736611794123775 0.053344446759741614 0.07595332360908523 0.10418837257762034 0.13867472390081267 0.18003750781412795 0.22890185455303189 0.2858928943529902 0.3516357574494686 0.4267555740779329 0.5118774744738487 0.6076265888726818 0.714628047509898 
11 -92.16289104638619 -87.56892629663331 -82.95239240201971 -78.3132008154944 -73.65131400704416 -68.96676300578035 -64.2596719281956 -59.53029294274301 -54.77905721482548 -50.006651017214395 -45.21413276231264 -40.4031190926276 -35.57609268035808 -30.736935866983373 -25.891910265125766 -21.0515873015873 -16.235014272121788 -11.479857819905213 -6.871674491392802 -2.653669724770642 0.10638297872340426 -23.13888888888889 23.099378881987576 24.21629213483146 28.282331511839708 33.00675675675676 38.0010764262648 43.14426523297491 48.38662567255957 53.70417789757413 59.08408408408408 64.51898047722342 70.00445324096982 75.53779599271402 81.11734909244407 86.74212598425197 92.41159099298635 98.12552155771905 103.88391976323578 109.68695380774032 
12 5.411438427977137 4.407650421077553 3.550444752595799 2.8248046808942404 2.216525180099435 1.7122129401021409 1.2992863665573104 0.9659755808840937 0.7013224202658369 0.49518043765008285 0.33821490174857105 0.22190279703723745 0.1385328237562147 0.0812053979098319 0.04383265126661481 0.02113843135928569 0.008658301484763419 0.0027395407041634254 0.0005411438427977137 0.000033821490174857105 0 0.000033821490174857105 0.0005411438427977137 0.0027395407041634254 0.008658301484763419 0.02113843135928569 0.04383265126661481 0.0812053979098319 0.1385328237562147 0.22190279703723745 0.33821490174857105 0.49518043765008285 0.7013224202658369 0.9659755808840937 1.2992863665573104 1.7122129401021409 2.216525180099435 2.8248046808942404 3.550444752595799 4.407650421077553 
13 -0.13010299956639812 -0.13460564220556093 -0.1394747227892562 -0.1447586966327381 -0.1505149978319906 -0.15681216787409086 -0.16373257652546255 -0.17137590035489797 -0.17986354100793747 -0.1893441245742227 -0.2 -0.21205389098651664 -0.22577249674798588 -0.24145658286121624 -0.25938375012788123 -0.27958800173440757 -0.3010299956639812 -0.318080836479775 -0.3010299956639812 0 -Infinity 0 0.3010299956639812 0.318080836479775 0.3010299956639812 0.27958800173440757 0.25938375012788123 0.24145658286121624 0.22577249674798588 0.21205389098651664 0.2 0.1893441245742227 0.17986354100793747 0.17137590035489797 0.16373257652546255 0.15681216787409086 0.1505149978319906 0.1447586966327381 0.1394747227892562 0.13460564220556093 
14 5.221469689764144e+173 6.0298702490003525e+156 5.145317001177723e+140 3.2441824460394912e+125 1.5114276650041035e+111 5.2030551378848545e+97 1.3234832615645704e+85 2.487524928317743e+73 3.454660656717546e+62 3.5451311827611664e+52 2.6881171418161356e+43 1.5060973145850306e+35 6.235149080811617e+27 1.9073465724950995e+21 4311231547115195 72004899337.38588 8886110.520507872 8103.083927575384 54.598150033144236 2.718281828459045 1 2.718281828459045 54.598150033144236 8103.083927575384 8886110.520507872 72004899337.38588 4311231547115195 1.9073465724950995e+21 6.235149080811617e+27 1.5060973145850306e+35 2.6881171418161356e+43 3.5451311827611664e+52 3.454660656717546e+62 2.487524928317743e+73 1.3234832615645704e+85 5.2030551378848545e+97 1.5114276650041035e+111 3.2441824460394912e+125 5.145317001177723e+140 6.0298702490003525e+156 
15 -0.2995732273553991 -0.30994094517541476 -0.3211524175440183 -0.33331921694779015 -0.34657359027997264 -0.36107336014696134 -0.377008189945037 -0.394607593455621 -0.41415110829800006 -0.4359809586906129 -0.46051701859880917 -0.48827212829693767 -0.5198603854199589 -0.555974328301518 -0.5972531564093516 -0.6437751649736401 -0.6931471805599453 -0.7324081924454066 -0.6931471805599453 0 -Infinity 0 0.6931471805599453 0.7324081924454066 0.6931471805599453 0.6437751649736401 0.5972531564093516 0.555974328301518 0.5198603854199589 0.48827212829693767 0.46051701859880917 0.4359809586906129 0.41415110829800006 0.394607593455621 0.377008189945037 0.36107336014696134 0.34657359027997264 0.33331921694779015 0.3211524175440183 0.30994094517541476 
16 400 361 324 289 256 225 196 169 144 121 100 81 64 49 36 25 16 9 4 1 0 1 4 9 16 25 36 49 64 81 100 121 144 169 196 225 256 289 324 361 
17 -219.70784375 -231.33926995649205 -244.26504153330285 -258.7139880988015 -274.97227478027344 -293.4025679012346 -314.4714441899209 -338.78950316865655 -367.1716338734568 -400.7303462878219 -441.0255 -490.31473860691966 -551.993896484375 -631.420658059142 -737.579475308642 -886.808 -1112.40234375 -1495.2716049382716 -2306.9375 -5763 -Infinity 3055 2102.0625 1444.0617283950617 1092.09765625 876.792 732.0871913580247 628.2936276551437 550.256103515625 489.4630391708581 440.7745 400.90601734854175 367.66169945987656 339.51818913903577 315.385698667222 294.4640987654321 276.15272521972656 259.99189425413965 245.62384735558604 232.7659932014027 
18 400 361 324 289 256 225 196 169 144 121 100 81 64 49 36 25 16 9 4 1 0 1 4 9 16 25 36 49 64 81 100 121 144 169 196 225 256 289 324 361 
19 -320 -304 -288 -272 -256 -240 -224 -208 -192 -176 -160 -144 -128 -112 -96 -80 -64 -48 -32 -16 NaN 16 32 48 64 80 96 112 128 144 160 176 192 208 224 240 256 272 288 304 
20 -0.8335069806209627 -0.714628047509898 -0.6076265888726818 -0.5118774744738487 -0.4267555740779329 -0.3516357574494686 -0.2858928943529902 -0.22890185455303189 -0.18003750781412795 -0.13867472390081267 -0.10418837257762034 -0.07595332360908523 -0.053344446759741614 -0.035736611794123775 -0.022504688476765993 -0.013023546572202543 -0.006668055844967702 -0.002813086059595749 -0.0008335069806209627 -0.00010418837257762034 0 0.00010418837257762034 0.0008335069806209627 0.002813086059595749 0.006668055844967702 0.013023546572202543 0.022504688476765993 0.035736611794123775 0.053344446759741614 0.07595332360908523 0.10418837257762034 0.13867472390081267 0.18003750781412795 0.22890185455303189 0.2858928943529902 0.3516357574494686 0.4267555740779329 0.5118774744738487 0.6076265888726818 0.714628047509898 
21 -92.16289104638619 -87.56892629663331 -82.95239240201971 -78.3132008154944 -73.65131400704416 -68.96676300578035 -64.2596719281956 -59.53029294274301 -54.77905721482548 -50.006651017214395 -45.21413276231264 -40.4031190926276 -35.57609268035808 -30.736935866983373 -25.891910265125766 -21.0515873015873 -16.235014272121788 -11.479857819905213 -6.871674491392802 -2.653669724770642 0.10638297872340426 -23.13888888888889 23.099378881987576 24.21629213483146 28.282331511839708 33.00675675675676 38.0010764262648 43.14426523297491 48.38662567255957 53.70417789757413 59.08408408408408 64.51898047722342 70.00445324096982 75.53779599271402 81.11734909244407 86.74212598425197 92.41159099298635 98.12552155771905 103.88391976323578 109.68695380774032 
22 5.411438427977137 4.407650421077553 3.550444752595799 2.8248046808942404 2.216525180099435 1.7122129401021409 1.2992863665573104 0.9659755808840937 0.7013224202658369 0.49518043765008285 0.33821490174857105 0.22190279703723745 0.1385328237562147 0.0812053979098319 0.04383265126661481 0.02113843135928569 0.008658301484763419 0.0027395407041634254 0.0005411438427977137 0.000033821490174857105 0 0.000033821490174857105 0.0005411438427977137 0.0027395407041634254 0.008658301484763419 0.02113843135928569 0.04383265126661481 0.0812053979098319 0.1385328237562147 0.22190279703723745 0.33821490174857105 0.49518043765008285 0.7013224202658369 0.9659755808840937 1.2992863665573104 1.7122129401021409 2.216525180099435 2.8248046808942404 3.550444752595799 4.407650421077553 
23 -0.13010299956639812 -0.13460564220556093 -0.1394747227892562 -0.1447586966327381 -0.1505149978319906 -0.15681216787409086 -0.16373257652546255 -0.17137590035489797 -0.17986354100793747 -0.1893441245742227 -0.2 -0.21205389098651664 -0.22577249674798588 -0.24145658286121624 -0.25938375012788123 -0.27958800173440757 -0.3010299956639812 -0.318080836479775 -0.3010299956639812 0 -Infinity 0 0.3010299956639812 0.318080836479775 0.3010299956639812 0.27958800173440757 0.25938375012788123 0.24145658286121624 0.22577249674798588 0.21205389098651664 0.2 0.1893441245742227 0.17986354100793747 0.17137590035489797 0.16373257652546255 0.15681216787409086 0.1505149978319906 0.1447586966327381 0.1394747227892562 0.13460564220556093 
24 5.221469689764144e+173 6.0298702490003525e+156 5.145317001177723e+140 3.2441824460394912e+125 1.5114276650041035e+111 5.2030551378848545e+97 1.3234832615645704e+85 2.487524928317743e+73 3.454660656717546e+62 3.5451311827611664e+52 2.6881171418161356e+43 1.5060973145850306e+35 6.235149080811617e+27 1.9073465724950995e+21 4311231547115195 72004899337.38588 8886110.520507872 8103.083927575384 54.598150033144236 2.718281828459045 1 2.718281828459045 54.598150033144236 8103.083927575384 8886110.520507872 72004899337.38588 4311231547115195 1.9073465724950995e+21 6.235149080811617e+27 1.5060973145850306e+35 2.6881171418161356e+43 3.5451311827611664e+52 3.454660656717546e+62 2.487524928317743e+73 1.3234832615645704e+85 5.2030551378848545e+97 1.5114276650041035e+111 3.2441824460394912e+125 5.145317001177723e+140 6.0298702490003525e+156 
25 -0.2995732273553991 -0.30994094517541476 -0.3211524175440183 -0.33331921694779015 -0.34657359027997264 -0.36107336014696134 -0.377008189945037 -0.394607593455621 -0.41415110829800006 -0.4359809586906129 -0.46051701859880917 -0.48827212829693767 -0.5198603854199589 -0.555974328301518 -0.5972531564093516 -0.6437751649736401 -0.6931471805599453 -0.7324081924454066 -0.6931471805599453 0 -Infinity 0 0.6931471805599453 0.7324081924454066 0.6931471805599453 0.6437751649736401 0.5972531564093516 0.555974328301518 0.5198603854199589 0.48827212829693767 0.46051701859880917 0.4359809586906129 0.41415110829800006 0.394607593455621 0.377008189945037 0.36107336014696134 0.34657359027997264 0.33331921694779015 0.3211524175440183 0.30994094517541476 
26 400 361 324 289 256 225 196 169 144 121 100 81 64 49 36 25 16 9 4 1 0 1 4 9 16 25 36 49 64 81 100 121 144 169 196 225 256 289 324 361 
27 -219.70784375 -231.33926995649205 -244.26504153330285 -258.7139880988015 -274.97227478027344 -293.4025679012346 -314.4714441899209 -338.78950316865655 -367.1716338734568 -400.7303462878219 -441.0255 -490.31473860691966 -551.993896484375 -631.420658059142 -737.579475308642 -886.808 -1112.40234375 -1495.2716049382716 -2306.9375 -5763 -Infinity 3055 2102.0625 1444.0617283950617 1092.09765625 876.792 732.0871913580247 628.2936276551437 550.256103515625 489.4630391708581 440.7745 400.90601734854175 367.66169945987656 339.51818913903577 315.385698667222 294.4640987654321 276.15272521972656 259.99189425413965 245.62384735558604 232.7659932014027 
28 400 361 324 289 256 225 196 169 144 121 100 81 64 49 36 25 16 9 4 1 0 1 4 9 16 25 36 49 64 81 100 121 144 169 196 225 256 289 324 361 
29 -320 -304 -288 -272 -256 -240 -224 -208 -192 -176 -160 -144 -128 -112 -96 -80 -64 -48 -32 -16 NaN 16 32 48 64 80 96 112 128 144 160 176 192 208 224 240 256 272 288 304 
